50 100
5 39 36
10 45 56
3 39 28
13 4 10
45 34 18
43 26 45
3 22 9
7 18 20
11 31 33
14 40 25
26 33 19
43 3 26
14 5 11
15 21 6
38 15 27
34 31 27
21 41 16
37 32 21
10 34 6
11 24 17
22 7 25
12 35 5
21 20 25
43 38 26
27 15 8
36 42 26
44 31 27
15 45 28
18 45 7
15 18 24
45 43 31
17 14 29
47 31 29
43 5 18
18 25 16
45 25 13
18 35 8
39 30 21
27 32 17
21 36 25
20 26 5
45 12 35
48 27 14
41 17 10
39 35 40
22 36 10
34 24 12
42 34 23
25 12 44
8 34 17
5 8 25
25 39 45
10 32 66
13 29 28
44 34 11
45 34 18
23 6 23
43 22 9
7 18 20
11 31 33
14 40 25
26 33 19
23 3 45
4 5 11
15 21 6
38 35 27
24 31 27
31 41 16
17 32 21
10 34 6
11 24 17
27 7 25
12 35 5
21 45 25
43 18 36
27 15 45
36 42 26
44 31 27
35 45 28
18 47 7
25 38 44
45 43 31
37 44 37
47 31 29
43 5 18
38 25 16
45 25 13
48 35 8
39 30 21
27 32 17
21 36 25
40 16 35
45 12 35
48 27 14
44 7 10
39 35 40
24 36 10
34 24 12
42 35 23
25 12 44
27 34 28
26 45 17

