150 300
5 39 36
10 45 56
3 39 28
13 4 10
45 34 18
43 26 45
3 22 9
7 18 20
11 31 33
14 40 25
26 33 19
43 3 26
14 5 11
15 21 6
38 15 27
34 31 27
21 41 16
37 32 21
10 34 6
11 24 17
22 7 25
12 35 5
21 20 25
43 38 26
27 15 8
36 42 26
44 31 27
15 45 28
18 45 7
15 18 24
45 43 31
17 14 29
47 31 29
43 5 18
18 25 16
45 25 13
18 35 8
39 30 21
27 32 17
21 36 25
20 26 5
45 12 35
48 27 14
41 17 10
39 35 40
22 36 10
34 24 12
42 34 23
25 12 44
8 34 17
5 8 25
25 39 45
10 32 66
13 29 28
44 34 11
45 34 18
23 6 23
43 22 9
7 18 20
11 31 33
14 40 25
26 33 19
23 3 45
4 5 11
15 21 6
38 35 27
24 31 27
31 41 16
17 32 21
10 34 6
11 24 17
27 7 25
12 35 5
21 45 25
43 18 36
134 15 45
36 42 26
44 31 27
35 45 28
18 47 7
25 38 44
45 143 31
37 44 37
47 31 29
43 5 18
38 25 16
45 25 13
48 35 8
39 30 21
27 32 17
21 36 25
40 16 35
45 12 35
48 27 14
44 7 10
39 35 40
24 36 10
34 24 123
42 35 23
25 12 44
27 34 28
34 23 19
5 39 36
43 56 56
54 67 28
56 21 178
45 34 18
43 26 45
101 87 9
98 34 45
76 51 33
77 90 253
54 23 19
87 45 26
51 89 11
15 21 6
66 78 102
87 21 27
89 21 16
99 45 121
87 45 23
67 121 17
98 23 25
12 35 89
89 99 32
43 38 26
27 15 8
36 42 26
66 56 27
98 49 28
133 45 7
15 18 24
45 43 31
17 14 29
47 31 29
43 5 18
18 25 16
48 17 131
29 56 67
87 98 342
27 32 17
21 36 25
20 26 5
45 12 35
90 4 14
34 9 10
65 78 40
22 36 10
34 24 12
78 43 99
25 12 321
78 34 17
25 39 45
10 32 66
65 9 28
44 34 11
45 34 18
89 61 23
43 22 9
87 18 20
11 31 33
41 40 25
26 33 19
23 3 45
99 18 11
15 21 6
38 35 27
24 31 27
31 41 16
87 149 21
10 34 6
11 89 17
27 7 25
12 35 5
146 45 25
43 18 36
43 15 45
36 42 26
44 31 27
89 45 28
18 127 7
25 38 44
54 89 31
37 44 78
47 31 29
43 36 18
38 25 345
46 25 13
48 35 8
39 30 21
98 56 171
129 36 25
40 16 35
45 12 244
48 27 14
44 7 10
39 35 40
24 36 10
98 24 65
42 35 23
150 1 44
98 34 28
26 43 45
11 31 33
14 40 25
26 33 19
43 3 26
147 5 11
15 21 6
38 15 27
34 31 27
21 41 16
37 32 21
10 34 6
11 24 17
22 129 25
12 35 5
21 20 25
43 38 26
27 15 8
36 42 26
44 31 27
15 45 28
18 45 7
15 18 24
45 43 31
125 14 29
47 31 29
43 5 18
18 25 16
45 25 13
18 35 8
39 30 21
27 78 17
21 36 25
20 26 5
45 12 35
48 27 14
41 17 10
39 35 40
111 36 10
34 24 12
42 34 23
25 12 44
8 34 17
5 137 25
25 39 45
10 32 66
13 29 28
44 34 11
45 34 18
23 6 23
12 22 9
7 18 20
45 87 9
98 67 45
76 51 33
77 90 253
54 23 19
87 102 26
51 89 11
15 21 6
66 78 102
87 21 27
89 21 16
99 45 121
45 45 23
67 87 17
98 23 25
12 35 89
89 54 32
43 38 26
27 15 8
36 42 26
78 56 27
98 49 28
18 45 7
15 18 24
45 98 31
17 14 29
47 31 29
43 5 18
18 25 16
89 17 131
29 56 67
87 98 89
27 32 17
21 36 25
20 26 5
45 12 35
90 4 14
34 9 10
65 78 40
22 36 10
34 24 12
78 43 99
25 12 44
78 34 17
25 39 45
10 32 66
65 9 28
44 34 11
45 34 18
89 61 23
43 22 9

